// Hyperplane //:
parameters:
1,3247398701627036,
-0,2785084523880005,
0,653319709804064,
2,4479390424626977,
2,4302138086873906,
0,9322649409542466,
intercept: 0
// Hyperplane //:
parameters:
-0,1184372668241321,
-0,9773380056000206,
0,062288173592324546,
-0,36259667547662483,
0,9562623345366468,
-0,09653855438912712,
intercept: 0
// Hyperplane //:
parameters:
0,7241024952958043,
0,18939149215257567,
-0,6655883979323385,
-1,5019367157324894,
1,0126565365922329,
0,0827576579776222,
intercept: 0
// Hyperplane //:
parameters:
2,056715122743128,
1,5773308466286728,
-3,3687456048540594,
1,2942074015908696,
-1,3965108438478246,
2,9220915289552685,
intercept: 0
// Hyperplane //:
parameters:
6,644348248719593,
8,498311159301712,
-0,6937356572317843,
7,5972192457142125,
7,292977090553584,
9,106790876102094,
intercept: 0
Time passed: 1604,9608
